115 46
118 47
133 48
133 49
133 50
133 51
116 54
116 55
128 55
130 55
107 56
116 56
118 56
128 56
129 56
135 56
136 56
109 57
111 57
113 57
129 57
131 57
103 58
104 58
116 62
118 62
132 62
134 62
135 62
136 62
134 63
134 64
137 64
137 67
138 67
107 68
112 68
121 68
122 68
123 68
124 68
125 68
126 68
137 68
138 68
139 68
140 68
112 69
121 69
122 69
123 69
124 69
125 69
126 69
138 69
112 70
137 70
117 74
117 77
118 77
110 78
117 78
121 78
122 78
123 78
124 78
125 78
126 78
127 78
117 79
118 79
114 81
117 81
118 81
117 83
121 85
122 85
123 85
124 85
125 85
126 85
121 87
122 87
123 87
124 87
125 87
126 87
126 90
124 91
121 92
125 93
123 94
121 95
122 95
123 95
124 95
125 95
126 95
