9002 2
9003 2
9004 2
9005 2
9006 2
9010 2
9014 2
9106 2
9108 2
9113 2
9114 2
9206 2
9409 2
9014 3
9106 3
9107 3
9108 3
9164 3
9184 3
9409 3
9106 4
9010 5
9014 5
9106 5
9157 5
9184 5
9206 5
9409 5
9002 6
9014 6
9016 6
9054 6
9073 6
9106 6
9156 6
9162 6
9164 6
9184 6
9206 7
9409 7
9111 8
9206 8
9409 8
9012 9
9106 9
9184 9
9409 9
9011 10
9012 10
9191 10
9012 12
9014 12
9054 12
9106 12
9156 12
9162 12
9164 12
9184 12
9409 12
9031 14
9042 14
9152 14
9173 14
9186 14
9031 15
9042 15
9186 15
9020 17
9036 17
9042 17
9136 17
9186 17
9020 19
9021 19
9026 19
9036 19
9124 19
9136 19
9062 21
9134 21
9155 21
9166 21
9167 21
9183 21
9062 22
9127 22
9133 22
9155 22
9166 22
9062 23
9127 23
9133 23
9134 23
9155 23
9166 23
9029 24
9062 24
9127 24
9130 24
9133 24
9155 24
9166 24
9025 26
9026 26
9027 26
9029 26
9030 26
9087 26
9092 26
9094 26
9151 26
9188 26
9189 26
9190 26
9404 26
9003 27
9026 27
9030 27
9039 27
9092 27
9188 27
9189 27
9190 27
9302 27
9020 32
9087 32
9092 32
9094 32
9136 32
9170 32
9179 32
9188 32
9189 32
9403 32
9404 32
9026 33
9092 33
9135 33
9136 33
9137 33
9138 33
9170 33
9179 33
9188 33
9189 33
9190 33
9403 33
9404 33
9092 34
9136 34
9170 34
9403 34
9404 34
9020 37
9039 37
9051 37
9092 37
9094 37
9135 37
9136 37
9179 37
9188 37
9189 37
9403 37
9023 40
9092 40
9136 40
9041 42
9171 42
9179 42
9180 42
9181 42
9020 44
9024 44
9026 44
9092 44
9136 44
9171 44
9179 44
9188 44
9189 44
9211 44
9018 49
9036 49
9041 49
9159 49
9160 49
9174 49
9210 49
9017 50
9019 50
9020 50
9036 50
9041 50
9065 50
9117 50
9159 50
9160 50
9171 50
9020 51
9036 51
9041 51
9117 51
9020 52
9036 52
9040 52
9041 52
9043 52
9065 52
9172 52
9018 53
9020 53
9023 53
9028 53
9033 53
9036 53
9041 53
9124 53
9158 53
9171 53
9172 53
9174 53
9077 56
9082 56
9083 56
9084 56
9102 56
9173 56
9408 56
9077 57
9082 57
9083 57
9084 57
9102 57
9300 57
9408 57
9077 58
9082 58
9083 58
9084 58
9102 58
9300 58
9408 58
9016 60
9026 60
9092 60
9138 60
9151 60
9165 60
9188 60
9189 60
9190 60
9302 60
9402 60
9407 60
9022 62
9026 62
9087 62
9092 62
9136 62
9138 62
9140 62
9188 62
9189 62
9403 62
9026 66
9135 66
9136 66
9141 66
9151 66
9175 66
9179 66
9189 66
9403 66
9016 67
9026 67
9034 67
9151 67
9163 67
9165 67
9188 67
9189 67
9190 67
9402 67
9407 67
9118 70
9175 70
9187 70
9045 71
9046 71
9060 71
9125 71
9127 71
9128 71
9201 71
9401 71
9044 72
9045 72
9046 72
9060 72
9125 72
9127 72
9128 72
9142 72
9185 72
9201 72
9401 72
9045 73
9060 73
9061 73
9125 73
9126 73
9142 73
9154 73
9185 73
9187 73
9201 73
9401 73
9045 74
9060 74
9118 74
9125 74
9126 74
9142 74
9185 74
9201 74
9401 74
9185 75
9045 77
9060 77
9061 77
9065 77
9125 77
9153 77
9154 77
9185 77
9201 77
9045 78
9125 78
9154 78
9201 78
9034 80
9058 80
9065 80
9026 81
9027 81
9092 81
9136 81
9138 81
9151 81
9188 81
9189 81
9014 83
9054 83
9106 83
9164 83
9184 83
9409 83
9045 85
9125 85
9185 85
9401 85
9064 87
9065 87
9143 87
9182 87
9065 88
9067 88
9068 88
9064 89
9065 89
9105 90
9161 90
9058 92
9178 92
9092 93
9058 94
9179 94
9045 95
9060 95
9125 95
9126 95
9185 95
9092 96
9136 96
9170 96
9179 96
9403 96
9404 96
9097 99
9097 100
9097 101
9098 101
9010 104
9011 104
9191 104
9010 105
9011 105
9012 105
9191 105
9011 106
9012 106
9191 106
9047 108
9116 108
9117 108
9119 108
9120 108
9121 108
9181 108
9407 108
9041 112
9115 112
9116 112
9117 112
9121 112
9122 112
9123 112
9155 112
9181 112
9116 113
9117 113
9118 113
9120 113
9121 113
9122 113
9123 113
9155 113
9172 113
9173 113
9181 113
9017 114
9020 114
9041 114
9116 114
9117 114
9118 114
9121 114
9123 114
9155 114
9167 114
9171 114
9172 114
9175 114
9096 118
9099 118
9190 119
9003 120
9004 120
9111 120
9113 120
9114 120
9407 120
9041 121
9062 138
9166 138
9183 138
